20
-54
86
48
-23
-49
85
94
85
13
85
-99
36
-38
62
88
27
-10
6
34
86
57
-45
-21
39
80
-16
32
-81
87
98
-48
76
92
86
19
81
67
-63
36
-46
5
-86
97
-11
60
6
19
-69
85
90
-65
95
-17
-1
-16
-12
-49
-17
9
6
-19
45
-46
4
-42
-48
-90
91
-43
95
-96
-34
29
-19
97
45
80
7
57
-72
-16
67
55
99
-41
-40
18
-7
-66
-49
-6
26
52
60
-64
-33
-1
59
-14
-15
81
82
19
-57
75
78
96
-67
-16
-48
48
75
-84
-75
-56
-99
-62
12
80
-40
-11
-42
-80
-50
-28
-39
77
18
54
-33
23
34
11
69
6
-49
-82
-23
-23
-29
-66
44
69
87
-36
34
-75
26
-45
-50
100
-1
-55
31
-43
-19
-10
92
79
-89
48
73
39
-4
89
84
62
-82
-70
-42
-86
32
-68
-47
62
57
-78
29
-56
-40
24
49
87
-58
-59
-78
-68
58
-74
52
43
54
61
-93
52
-73
43